Размер матрицы: 5*5
Диапазон данных: [-20; 20]
Матрица A:
-20 -17 -12 -13  -8 
 -6   4 -14 -16   9 
  3 -10 -10   0  -6 
  0  16  -3   3   3 
 15  10 -15 -19 -10 

Матрица B:
-13 -9  16  14 -13 
 -4 -2 -16 -13   0 
 -8 -7   2 -18 -14 
  6 -4   9 -17   9 
 -8 -6  -2  19  15 

Результат:
 410 398 -173  226  191 
   6 154 -350  559  265 
 129  99  200  238   11 
 -46 -41 -241 -148  114 
-149  86 -101  483 -306 


Матрица A:
  9 -17 -11 -5 -11 
  5   6   1 16  -3 
  5  -8  -8 18  14 
-10 -18  -2 20  11 
-10   7  12 -1  -4 

Матрица B:
  5  7 -15   2   4 
 14 10  10 -19 -15 
 12 11 -12 -20  16 
 14 -3   1 -12   2 
-11 -4 -11   8   1 

Результат:
-274 -169  -57  533  94 
 378   70   22 -340 -25 
 -85 -243 -195  218  62 
-167 -376 -107  210 249 
 222  151  119 -413  41 


Матрица A:
-20 -10   9 -3  18 
 11  10  -6 19 -16 
  5  -1   9 15 -20 
 -9  15 -15 -5   2 
  3  -4   1  9 -13 

Матрица B:
-20 -20 -10   9  -4 
 17 -13  20 -16 -17 
 12   9 -11  -5   4 
 18 -15  17 -19  -4 
-16 -20  -4 -18 -14 

Результат:
 -4  296 -222 -332   46 
476 -369  543 -104  -90 
581  169  166   91  253 
133 -115  462 -187 -287 
254  126   84  149  206 


Матрица A:
  2  12   6 -15   3 
 18 -15 -10  -8 -18 
-15 -10  16  -7   4 
 -1  -7   5  17   5 
 -8  -8  -9   0  -2 

Матрица B:
-17 -19  18 -15  -5 
-20   4 -16  14  17 
 18  11   2   7  -5 
  3  -3  15  18  15 
  8  16   9  10 -13 

Результат:
-187  169 -342  -60 -100 
-354 -776  262 -874 -181 
 754  506 -147  111 -332 
 338   75  404  308   51 
 118  -11  -52  -75  -25 


Размер матрицы: 2*2
Диапазон данных: [20; 25]
Матрица A:
25 20 
23 23 

Матрица B:
20 23 
25 22 

Результат:
1000 1015 
1035 1035 


Размер матрицы: 4*4
Диапазон данных: [10; 20]
Матрица A:
20 15 11 12 
12 15 16 16 
16 12 17 10 
14 20 15 18 

Матрица B:
14 17 19 19 
15 19 10 18 
18 13 20 18 
13 19 20 17 

Результат:
 859  996  990 1052 
 889 1001 1018 1058 
 840  911  964  996 
1000 1155 1126 1202 


